8.587199999999999278e+00 7.830300000000000260e+00
7.569099999999999717e+00 9.377999999999999670e-01
1.093539999999999957e+01 5.181300000000000239e+00
1.335330000000000084e+01 1.735239999999999938e+01
2.554000000000000159e-01 1.823659999999999926e+01
6.922299999999999898e+00 7.781900000000000261e+00
1.739280000000000115e+01 1.296920000000000073e+01
2.263100000000000112e+00 5.339199999999999946e+00
7.818999999999999950e+00 1.316970000000000063e+01
1.309500000000000064e+01 1.369560000000000066e+01
5.375399999999999956e+00 1.763810000000000144e+01
9.122400000000000730e+00 1.458890000000000065e+01
1.137069999999999936e+01 7.240599999999999703e+00
9.720800000000000551e+00 8.115399999999999281e+00
1.678209999999999980e+01 9.433400000000000674e+00
9.407600000000000406e+00 9.716599999999999682e+00
2.091299999999999937e+00 9.292400000000000659e+00
3.004000000000000004e+00 1.957120000000000104e+01
1.174179999999999957e+01 1.368740000000000023e+01
1.643880000000000052e+01 1.600840000000000174e+01
3.668400000000000105e+00 1.480180000000000007e+01
6.145100000000000229e+00 3.813200000000000145e+00
1.205259999999999998e+01 4.718600000000000350e+00
1.909280000000000044e+01 1.654530000000000101e+01
1.582000000000000073e+00 1.730300000000000082e+01
1.497369999999999912e+01 1.322450000000000081e+01
1.135399999999999965e+00 1.656380000000000052e+01
1.839580000000000126e+01 3.511200000000000099e+00
7.377000000000000224e-01 8.313700000000000756e+00
1.896959999999999980e+01 1.935650000000000048e+01
4.978500000000000369e+00 3.159600000000000186e+00
1.794869999999999877e+01 7.556300000000000239e+00
6.778200000000000003e+00 1.101249999999999929e+01
1.455199999999999960e+01 1.724889999999999901e+01
5.942499999999999893e+00 6.035999999999999588e+00
1.557610000000000028e+01 1.212700000000000067e+01
1.263850000000000051e+01 1.209999999999999964e+01
4.206500000000000128e+00 9.822400000000000020e+00
3.862999999999999989e+00 1.370079999999999920e+01
2.637300000000000200e+00 2.642500000000000071e+00
1.073869999999999969e+01 2.008999999999999897e+00
4.339000000000000079e-01 1.524760000000000026e+01
4.835300000000000153e+00 2.094399999999999817e+00
8.333199999999999719e+00 5.916100000000000136e+00
1.613129999999999953e+01 1.420289999999999964e+01
1.528410000000000046e+01 1.445500000000000007e+00
1.751389999999999958e+01 6.482800000000000118e+00
1.016619999999999990e+01 1.917050000000000054e+01
1.387940000000000040e+01 3.947900000000000187e+00
1.426740000000000030e+01 1.586509999999999998e+01
8.587199999999999278e+00 7.830300000000000260e+00
